{
 "cells": [
  {
   "cell_type": "markdown",
   "id": "2c494380-af7a-4a46-b05c-01cde16fd798",
   "metadata": {},
   "source": [
    "# EWMCOV"
   ]
  },
  {
   "cell_type": "code",
   "execution_count": 1,
   "id": "3fecb2fe-0796-4985-ae3a-14399d7f2847",
   "metadata": {},
   "outputs": [
    {
     "name": "stderr",
     "output_type": "stream",
     "text": [
      "Loading required package: arrow\n",
      "\n",
      "\n",
      "Attaching package: ‘arrow’\n",
      "\n",
      "\n",
      "The following object is masked from ‘package:utils’:\n",
      "\n",
      "    timestamp\n",
      "\n",
      "\n"
     ]
    }
   ],
   "source": [
    "if (!require(\"arrow\")) {\n",
    "    install.packages(\"arrow\");\n",
    "    library(arrow);\n",
    "}"
   ]
  },
  {
   "cell_type": "code",
   "execution_count": 2,
   "id": "0df05fa5-21da-4137-90e6-98dc03b189c6",
   "metadata": {},
   "outputs": [],
   "source": [
    "first_year = 2008; last_year = 2020;\n",
    "\n",
    "# read the equity_indices\n",
    "df = read_parquet('./data/equity_indices.parquet')"
   ]
  },
  {
   "cell_type": "code",
   "execution_count": 3,
   "id": "e3b1c00c-4ef6-4b4d-9ecd-1c532f5d25c4",
   "metadata": {},
   "outputs": [],
   "source": [
    "df = df[df$Datetime >= \"2008-01-01\" & df$Datetime <= \"2020-12-31 23:59:59\",];"
   ]
  },
  {
   "cell_type": "code",
   "execution_count": 4,
   "id": "2e419e64-a403-446f-8cee-5df225a4a64a",
   "metadata": {},
   "outputs": [
    {
     "data": {
      "text/html": [
       "<table class=\"dataframe\">\n",
       "<caption>A tibble: 6 × 10</caption>\n",
       "<thead>\n",
       "\t<tr><th></th><th scope=col>DY</th><th scope=col>ES</th><th scope=col>EW</th><th scope=col>FX</th><th scope=col>MX</th><th scope=col>NQ</th><th scope=col>RTY</th><th scope=col>X</th><th scope=col>YM</th><th scope=col>Datetime</th></tr>\n",
       "\t<tr><th></th><th scope=col>&lt;dbl&gt;</th><th scope=col>&lt;dbl&gt;</th><th scope=col>&lt;dbl&gt;</th><th scope=col>&lt;dbl&gt;</th><th scope=col>&lt;dbl&gt;</th><th scope=col>&lt;dbl&gt;</th><th scope=col>&lt;dbl&gt;</th><th scope=col>&lt;dbl&gt;</th><th scope=col>&lt;dbl&gt;</th><th scope=col>&lt;dttm&gt;</th></tr>\n",
       "</thead>\n",
       "<tbody>\n",
       "\t<tr><th scope=row>2231</th><td>0</td><td>0</td><td>0</td><td>0</td><td>0</td><td>0</td><td>0</td><td>0</td><td> 0.0018232415</td><td>2008-01-01 14:00:00</td></tr>\n",
       "\t<tr><th scope=row>2232</th><td>0</td><td>0</td><td>0</td><td>0</td><td>0</td><td>0</td><td>0</td><td>0</td><td>-0.0003831418</td><td>2008-01-01 15:00:00</td></tr>\n",
       "\t<tr><th scope=row>2233</th><td>0</td><td>0</td><td>0</td><td>0</td><td>0</td><td>0</td><td>0</td><td>0</td><td> 0.0006707551</td><td>2008-01-01 16:00:00</td></tr>\n",
       "\t<tr><th scope=row>2234</th><td>0</td><td>0</td><td>0</td><td>0</td><td>0</td><td>0</td><td>0</td><td>0</td><td>-0.0008618213</td><td>2008-01-01 17:00:00</td></tr>\n",
       "\t<tr><th scope=row>2235</th><td>0</td><td>0</td><td>0</td><td>0</td><td>0</td><td>0</td><td>0</td><td>0</td><td>-0.0018209699</td><td>2008-01-01 18:00:00</td></tr>\n",
       "\t<tr><th scope=row>2236</th><td>0</td><td>0</td><td>0</td><td>0</td><td>0</td><td>0</td><td>0</td><td>0</td><td>-0.0012481997</td><td>2008-01-01 19:00:00</td></tr>\n",
       "</tbody>\n",
       "</table>\n"
      ],
      "text/latex": [
       "A tibble: 6 × 10\n",
       "\\begin{tabular}{r|llllllllll}\n",
       "  & DY & ES & EW & FX & MX & NQ & RTY & X & YM & Datetime\\\\\n",
       "  & <dbl> & <dbl> & <dbl> & <dbl> & <dbl> & <dbl> & <dbl> & <dbl> & <dbl> & <dttm>\\\\\n",
       "\\hline\n",
       "\t2231 & 0 & 0 & 0 & 0 & 0 & 0 & 0 & 0 &  0.0018232415 & 2008-01-01 14:00:00\\\\\n",
       "\t2232 & 0 & 0 & 0 & 0 & 0 & 0 & 0 & 0 & -0.0003831418 & 2008-01-01 15:00:00\\\\\n",
       "\t2233 & 0 & 0 & 0 & 0 & 0 & 0 & 0 & 0 &  0.0006707551 & 2008-01-01 16:00:00\\\\\n",
       "\t2234 & 0 & 0 & 0 & 0 & 0 & 0 & 0 & 0 & -0.0008618213 & 2008-01-01 17:00:00\\\\\n",
       "\t2235 & 0 & 0 & 0 & 0 & 0 & 0 & 0 & 0 & -0.0018209699 & 2008-01-01 18:00:00\\\\\n",
       "\t2236 & 0 & 0 & 0 & 0 & 0 & 0 & 0 & 0 & -0.0012481997 & 2008-01-01 19:00:00\\\\\n",
       "\\end{tabular}\n"
      ],
      "text/markdown": [
       "\n",
       "A tibble: 6 × 10\n",
       "\n",
       "| <!--/--> | DY &lt;dbl&gt; | ES &lt;dbl&gt; | EW &lt;dbl&gt; | FX &lt;dbl&gt; | MX &lt;dbl&gt; | NQ &lt;dbl&gt; | RTY &lt;dbl&gt; | X &lt;dbl&gt; | YM &lt;dbl&gt; | Datetime &lt;dttm&gt; |\n",
       "|---|---|---|---|---|---|---|---|---|---|---|\n",
       "| 2231 | 0 | 0 | 0 | 0 | 0 | 0 | 0 | 0 |  0.0018232415 | 2008-01-01 14:00:00 |\n",
       "| 2232 | 0 | 0 | 0 | 0 | 0 | 0 | 0 | 0 | -0.0003831418 | 2008-01-01 15:00:00 |\n",
       "| 2233 | 0 | 0 | 0 | 0 | 0 | 0 | 0 | 0 |  0.0006707551 | 2008-01-01 16:00:00 |\n",
       "| 2234 | 0 | 0 | 0 | 0 | 0 | 0 | 0 | 0 | -0.0008618213 | 2008-01-01 17:00:00 |\n",
       "| 2235 | 0 | 0 | 0 | 0 | 0 | 0 | 0 | 0 | -0.0018209699 | 2008-01-01 18:00:00 |\n",
       "| 2236 | 0 | 0 | 0 | 0 | 0 | 0 | 0 | 0 | -0.0012481997 | 2008-01-01 19:00:00 |\n",
       "\n"
      ],
      "text/plain": [
       "     DY ES EW FX MX NQ RTY X YM            Datetime           \n",
       "2231 0  0  0  0  0  0  0   0  0.0018232415 2008-01-01 14:00:00\n",
       "2232 0  0  0  0  0  0  0   0 -0.0003831418 2008-01-01 15:00:00\n",
       "2233 0  0  0  0  0  0  0   0  0.0006707551 2008-01-01 16:00:00\n",
       "2234 0  0  0  0  0  0  0   0 -0.0008618213 2008-01-01 17:00:00\n",
       "2235 0  0  0  0  0  0  0   0 -0.0018209699 2008-01-01 18:00:00\n",
       "2236 0  0  0  0  0  0  0   0 -0.0012481997 2008-01-01 19:00:00"
      ]
     },
     "metadata": {},
     "output_type": "display_data"
    }
   ],
   "source": [
    "head(df)"
   ]
  },
  {
   "cell_type": "code",
   "execution_count": 5,
   "id": "ff303536-3699-4dd2-b830-c96481f17e86",
   "metadata": {},
   "outputs": [
    {
     "data": {
      "text/html": [
       "<table class=\"dataframe\">\n",
       "<caption>A tibble: 6 × 10</caption>\n",
       "<thead>\n",
       "\t<tr><th></th><th scope=col>DY</th><th scope=col>ES</th><th scope=col>EW</th><th scope=col>FX</th><th scope=col>MX</th><th scope=col>NQ</th><th scope=col>RTY</th><th scope=col>X</th><th scope=col>YM</th><th scope=col>Datetime</th></tr>\n",
       "\t<tr><th></th><th scope=col>&lt;dbl&gt;</th><th scope=col>&lt;dbl&gt;</th><th scope=col>&lt;dbl&gt;</th><th scope=col>&lt;dbl&gt;</th><th scope=col>&lt;dbl&gt;</th><th scope=col>&lt;dbl&gt;</th><th scope=col>&lt;dbl&gt;</th><th scope=col>&lt;dbl&gt;</th><th scope=col>&lt;dbl&gt;</th><th scope=col>&lt;dttm&gt;</th></tr>\n",
       "</thead>\n",
       "<tbody>\n",
       "\t<tr><th scope=row>81766</th><td>0</td><td>-0.0010771509</td><td> 0.0002614949</td><td>0</td><td>0</td><td>-0.0035443728</td><td>-0.0003043677</td><td>0</td><td> 0.0000331686</td><td>2020-12-31 06:00:00</td></tr>\n",
       "\t<tr><th scope=row>81767</th><td>0</td><td> 0.0014152851</td><td> 0.0018299856</td><td>0</td><td>0</td><td> 0.0017784900</td><td> 0.0003044603</td><td>0</td><td> 0.0011276949</td><td>2020-12-31 07:00:00</td></tr>\n",
       "\t<tr><th scope=row>81768</th><td>0</td><td>-0.0003364964</td><td>-0.0006523725</td><td>0</td><td>0</td><td>-0.0007023294</td><td>-0.0006087354</td><td>0</td><td>-0.0003975616</td><td>2020-12-31 08:00:00</td></tr>\n",
       "\t<tr><th scope=row>81769</th><td>0</td><td> 0.0028948431</td><td> 0.0021324745</td><td>0</td><td>0</td><td> 0.0020303776</td><td> 0.0018273184</td><td>0</td><td> 0.0031154713</td><td>2020-12-31 09:00:00</td></tr>\n",
       "\t<tr><th scope=row>81770</th><td>0</td><td> 0.0028193596</td><td>-0.0021713641</td><td>0</td><td>0</td><td> 0.0021821299</td><td>-0.0012159903</td><td>0</td><td> 0.0029405934</td><td>2020-12-31 10:00:00</td></tr>\n",
       "\t<tr><th scope=row>81771</th><td>0</td><td> 0.0011379610</td><td> 0.0027853941</td><td>0</td><td>0</td><td> 0.0010303667</td><td> 0.0020798458</td><td>0</td><td> 0.0004612090</td><td>2020-12-31 11:00:00</td></tr>\n",
       "</tbody>\n",
       "</table>\n"
      ],
      "text/latex": [
       "A tibble: 6 × 10\n",
       "\\begin{tabular}{r|llllllllll}\n",
       "  & DY & ES & EW & FX & MX & NQ & RTY & X & YM & Datetime\\\\\n",
       "  & <dbl> & <dbl> & <dbl> & <dbl> & <dbl> & <dbl> & <dbl> & <dbl> & <dbl> & <dttm>\\\\\n",
       "\\hline\n",
       "\t81766 & 0 & -0.0010771509 &  0.0002614949 & 0 & 0 & -0.0035443728 & -0.0003043677 & 0 &  0.0000331686 & 2020-12-31 06:00:00\\\\\n",
       "\t81767 & 0 &  0.0014152851 &  0.0018299856 & 0 & 0 &  0.0017784900 &  0.0003044603 & 0 &  0.0011276949 & 2020-12-31 07:00:00\\\\\n",
       "\t81768 & 0 & -0.0003364964 & -0.0006523725 & 0 & 0 & -0.0007023294 & -0.0006087354 & 0 & -0.0003975616 & 2020-12-31 08:00:00\\\\\n",
       "\t81769 & 0 &  0.0028948431 &  0.0021324745 & 0 & 0 &  0.0020303776 &  0.0018273184 & 0 &  0.0031154713 & 2020-12-31 09:00:00\\\\\n",
       "\t81770 & 0 &  0.0028193596 & -0.0021713641 & 0 & 0 &  0.0021821299 & -0.0012159903 & 0 &  0.0029405934 & 2020-12-31 10:00:00\\\\\n",
       "\t81771 & 0 &  0.0011379610 &  0.0027853941 & 0 & 0 &  0.0010303667 &  0.0020798458 & 0 &  0.0004612090 & 2020-12-31 11:00:00\\\\\n",
       "\\end{tabular}\n"
      ],
      "text/markdown": [
       "\n",
       "A tibble: 6 × 10\n",
       "\n",
       "| <!--/--> | DY &lt;dbl&gt; | ES &lt;dbl&gt; | EW &lt;dbl&gt; | FX &lt;dbl&gt; | MX &lt;dbl&gt; | NQ &lt;dbl&gt; | RTY &lt;dbl&gt; | X &lt;dbl&gt; | YM &lt;dbl&gt; | Datetime &lt;dttm&gt; |\n",
       "|---|---|---|---|---|---|---|---|---|---|---|\n",
       "| 81766 | 0 | -0.0010771509 |  0.0002614949 | 0 | 0 | -0.0035443728 | -0.0003043677 | 0 |  0.0000331686 | 2020-12-31 06:00:00 |\n",
       "| 81767 | 0 |  0.0014152851 |  0.0018299856 | 0 | 0 |  0.0017784900 |  0.0003044603 | 0 |  0.0011276949 | 2020-12-31 07:00:00 |\n",
       "| 81768 | 0 | -0.0003364964 | -0.0006523725 | 0 | 0 | -0.0007023294 | -0.0006087354 | 0 | -0.0003975616 | 2020-12-31 08:00:00 |\n",
       "| 81769 | 0 |  0.0028948431 |  0.0021324745 | 0 | 0 |  0.0020303776 |  0.0018273184 | 0 |  0.0031154713 | 2020-12-31 09:00:00 |\n",
       "| 81770 | 0 |  0.0028193596 | -0.0021713641 | 0 | 0 |  0.0021821299 | -0.0012159903 | 0 |  0.0029405934 | 2020-12-31 10:00:00 |\n",
       "| 81771 | 0 |  0.0011379610 |  0.0027853941 | 0 | 0 |  0.0010303667 |  0.0020798458 | 0 |  0.0004612090 | 2020-12-31 11:00:00 |\n",
       "\n"
      ],
      "text/plain": [
       "      DY ES            EW            FX MX NQ            RTY           X\n",
       "81766 0  -0.0010771509  0.0002614949 0  0  -0.0035443728 -0.0003043677 0\n",
       "81767 0   0.0014152851  0.0018299856 0  0   0.0017784900  0.0003044603 0\n",
       "81768 0  -0.0003364964 -0.0006523725 0  0  -0.0007023294 -0.0006087354 0\n",
       "81769 0   0.0028948431  0.0021324745 0  0   0.0020303776  0.0018273184 0\n",
       "81770 0   0.0028193596 -0.0021713641 0  0   0.0021821299 -0.0012159903 0\n",
       "81771 0   0.0011379610  0.0027853941 0  0   0.0010303667  0.0020798458 0\n",
       "      YM            Datetime           \n",
       "81766  0.0000331686 2020-12-31 06:00:00\n",
       "81767  0.0011276949 2020-12-31 07:00:00\n",
       "81768 -0.0003975616 2020-12-31 08:00:00\n",
       "81769  0.0031154713 2020-12-31 09:00:00\n",
       "81770  0.0029405934 2020-12-31 10:00:00\n",
       "81771  0.0004612090 2020-12-31 11:00:00"
      ]
     },
     "metadata": {},
     "output_type": "display_data"
    }
   ],
   "source": [
    "tail(df)"
   ]
  },
  {
   "cell_type": "code",
   "execution_count": 6,
   "id": "6a7600a8-f2bf-4245-9be8-9c58e17abba0",
   "metadata": {},
   "outputs": [
    {
     "data": {
      "text/html": [
       "<style>\n",
       ".list-inline {list-style: none; margin:0; padding: 0}\n",
       ".list-inline>li {display: inline-block}\n",
       ".list-inline>li:not(:last-child)::after {content: \"\\00b7\"; padding: 0 .5ex}\n",
       "</style>\n",
       "<ol class=list-inline><li>79541</li><li>10</li></ol>\n"
      ],
      "text/latex": [
       "\\begin{enumerate*}\n",
       "\\item 79541\n",
       "\\item 10\n",
       "\\end{enumerate*}\n"
      ],
      "text/markdown": [
       "1. 79541\n",
       "2. 10\n",
       "\n",
       "\n"
      ],
      "text/plain": [
       "[1] 79541    10"
      ]
     },
     "metadata": {},
     "output_type": "display_data"
    }
   ],
   "source": [
    "dim(df)"
   ]
  },
  {
   "cell_type": "code",
   "execution_count": 7,
   "id": "8d6a9cf0-f469-42c9-80a7-588bc3d6b664",
   "metadata": {},
   "outputs": [],
   "source": [
    "source(\"xpca.R\")"
   ]
  },
  {
   "cell_type": "code",
   "execution_count": 8,
   "id": "58dec1bb-4f78-4716-ace3-80f6b7cb525e",
   "metadata": {},
   "outputs": [],
   "source": [
    "means_covs = ewmcov(alpha=.9305, df[,1:9]);\n",
    "means = means_covs$means;\n",
    "covs = means_covs$covs;"
   ]
  },
  {
   "cell_type": "code",
   "execution_count": 9,
   "id": "31e0ccdd-9d73-43f0-b887-c33daca48d6f",
   "metadata": {},
   "outputs": [
    {
     "data": {
      "text/html": [
       "79541"
      ],
      "text/latex": [
       "79541"
      ],
      "text/markdown": [
       "79541"
      ],
      "text/plain": [
       "[1] 79541"
      ]
     },
     "metadata": {},
     "output_type": "display_data"
    }
   ],
   "source": [
    "length(covs)"
   ]
  },
  {
   "cell_type": "code",
   "execution_count": 10,
   "id": "9c708095-5fb3-4ea7-ab27-eba291978154",
   "metadata": {},
   "outputs": [
    {
     "data": {
      "text/html": [
       "<ol>\n",
       "\t<li><table class=\"dataframe\">\n",
       "<caption>A matrix: 9 × 9 of type dbl</caption>\n",
       "<tbody>\n",
       "\t<tr><td>3.398465e-07</td><td>1.786185e-07</td><td> 4.137540e-07</td><td>2.680921e-07</td><td> 1.738534e-07</td><td>2.234197e-08</td><td>4.598730e-07</td><td>1.777065e-07</td><td>2.027165e-07</td></tr>\n",
       "\t<tr><td>1.786185e-07</td><td>1.327126e-06</td><td> 5.232913e-07</td><td>1.574462e-07</td><td> 4.458096e-07</td><td>1.147890e-06</td><td>8.849842e-07</td><td>8.199537e-07</td><td>1.230983e-06</td></tr>\n",
       "\t<tr><td>4.137540e-07</td><td>5.232913e-07</td><td> 4.680776e-06</td><td>3.633307e-07</td><td>-2.977985e-07</td><td>5.406052e-07</td><td>4.803346e-06</td><td>2.333393e-07</td><td>5.544413e-07</td></tr>\n",
       "\t<tr><td>2.680921e-07</td><td>1.574462e-07</td><td> 3.633307e-07</td><td>2.881826e-07</td><td> 2.104064e-07</td><td>4.161843e-08</td><td>3.825550e-07</td><td>2.210555e-07</td><td>1.897774e-07</td></tr>\n",
       "\t<tr><td>1.738534e-07</td><td>4.458096e-07</td><td>-2.977985e-07</td><td>2.104064e-07</td><td> 1.996204e-06</td><td>1.743750e-07</td><td>6.398446e-07</td><td>1.457051e-06</td><td>3.846789e-07</td></tr>\n",
       "\t<tr><td>2.234197e-08</td><td>1.147890e-06</td><td> 5.406052e-07</td><td>4.161843e-08</td><td> 1.743750e-07</td><td>1.646111e-06</td><td>8.276487e-07</td><td>3.254155e-07</td><td>8.785211e-07</td></tr>\n",
       "\t<tr><td>4.598730e-07</td><td>8.849842e-07</td><td> 4.803346e-06</td><td>3.825550e-07</td><td> 6.398446e-07</td><td>8.276487e-07</td><td>6.294577e-06</td><td>1.187305e-06</td><td>8.855686e-07</td></tr>\n",
       "\t<tr><td>1.777065e-07</td><td>8.199537e-07</td><td> 2.333393e-07</td><td>2.210555e-07</td><td> 1.457051e-06</td><td>3.254155e-07</td><td>1.187305e-06</td><td>3.277732e-06</td><td>6.640397e-07</td></tr>\n",
       "\t<tr><td>2.027165e-07</td><td>1.230983e-06</td><td> 5.544413e-07</td><td>1.897774e-07</td><td> 3.846789e-07</td><td>8.785211e-07</td><td>8.855686e-07</td><td>6.640397e-07</td><td>1.352310e-06</td></tr>\n",
       "</tbody>\n",
       "</table>\n",
       "</li>\n",
       "</ol>\n"
      ],
      "text/latex": [
       "\\begin{enumerate}\n",
       "\\item A matrix: 9 × 9 of type dbl\n",
       "\\begin{tabular}{lllllllll}\n",
       "\t 3.398465e-07 & 1.786185e-07 &  4.137540e-07 & 2.680921e-07 &  1.738534e-07 & 2.234197e-08 & 4.598730e-07 & 1.777065e-07 & 2.027165e-07\\\\\n",
       "\t 1.786185e-07 & 1.327126e-06 &  5.232913e-07 & 1.574462e-07 &  4.458096e-07 & 1.147890e-06 & 8.849842e-07 & 8.199537e-07 & 1.230983e-06\\\\\n",
       "\t 4.137540e-07 & 5.232913e-07 &  4.680776e-06 & 3.633307e-07 & -2.977985e-07 & 5.406052e-07 & 4.803346e-06 & 2.333393e-07 & 5.544413e-07\\\\\n",
       "\t 2.680921e-07 & 1.574462e-07 &  3.633307e-07 & 2.881826e-07 &  2.104064e-07 & 4.161843e-08 & 3.825550e-07 & 2.210555e-07 & 1.897774e-07\\\\\n",
       "\t 1.738534e-07 & 4.458096e-07 & -2.977985e-07 & 2.104064e-07 &  1.996204e-06 & 1.743750e-07 & 6.398446e-07 & 1.457051e-06 & 3.846789e-07\\\\\n",
       "\t 2.234197e-08 & 1.147890e-06 &  5.406052e-07 & 4.161843e-08 &  1.743750e-07 & 1.646111e-06 & 8.276487e-07 & 3.254155e-07 & 8.785211e-07\\\\\n",
       "\t 4.598730e-07 & 8.849842e-07 &  4.803346e-06 & 3.825550e-07 &  6.398446e-07 & 8.276487e-07 & 6.294577e-06 & 1.187305e-06 & 8.855686e-07\\\\\n",
       "\t 1.777065e-07 & 8.199537e-07 &  2.333393e-07 & 2.210555e-07 &  1.457051e-06 & 3.254155e-07 & 1.187305e-06 & 3.277732e-06 & 6.640397e-07\\\\\n",
       "\t 2.027165e-07 & 1.230983e-06 &  5.544413e-07 & 1.897774e-07 &  3.846789e-07 & 8.785211e-07 & 8.855686e-07 & 6.640397e-07 & 1.352310e-06\\\\\n",
       "\\end{tabular}\n",
       "\n",
       "\\end{enumerate}\n"
      ],
      "text/markdown": [
       "1. \n",
       "A matrix: 9 × 9 of type dbl\n",
       "\n",
       "| 3.398465e-07 | 1.786185e-07 |  4.137540e-07 | 2.680921e-07 |  1.738534e-07 | 2.234197e-08 | 4.598730e-07 | 1.777065e-07 | 2.027165e-07 |\n",
       "| 1.786185e-07 | 1.327126e-06 |  5.232913e-07 | 1.574462e-07 |  4.458096e-07 | 1.147890e-06 | 8.849842e-07 | 8.199537e-07 | 1.230983e-06 |\n",
       "| 4.137540e-07 | 5.232913e-07 |  4.680776e-06 | 3.633307e-07 | -2.977985e-07 | 5.406052e-07 | 4.803346e-06 | 2.333393e-07 | 5.544413e-07 |\n",
       "| 2.680921e-07 | 1.574462e-07 |  3.633307e-07 | 2.881826e-07 |  2.104064e-07 | 4.161843e-08 | 3.825550e-07 | 2.210555e-07 | 1.897774e-07 |\n",
       "| 1.738534e-07 | 4.458096e-07 | -2.977985e-07 | 2.104064e-07 |  1.996204e-06 | 1.743750e-07 | 6.398446e-07 | 1.457051e-06 | 3.846789e-07 |\n",
       "| 2.234197e-08 | 1.147890e-06 |  5.406052e-07 | 4.161843e-08 |  1.743750e-07 | 1.646111e-06 | 8.276487e-07 | 3.254155e-07 | 8.785211e-07 |\n",
       "| 4.598730e-07 | 8.849842e-07 |  4.803346e-06 | 3.825550e-07 |  6.398446e-07 | 8.276487e-07 | 6.294577e-06 | 1.187305e-06 | 8.855686e-07 |\n",
       "| 1.777065e-07 | 8.199537e-07 |  2.333393e-07 | 2.210555e-07 |  1.457051e-06 | 3.254155e-07 | 1.187305e-06 | 3.277732e-06 | 6.640397e-07 |\n",
       "| 2.027165e-07 | 1.230983e-06 |  5.544413e-07 | 1.897774e-07 |  3.846789e-07 | 8.785211e-07 | 8.855686e-07 | 6.640397e-07 | 1.352310e-06 |\n",
       "\n",
       "\n",
       "\n",
       "\n"
      ],
      "text/plain": [
       "[[1]]\n",
       "              [,1]         [,2]          [,3]         [,4]          [,5]\n",
       " [1,] 3.398465e-07 1.786185e-07  4.137540e-07 2.680921e-07  1.738534e-07\n",
       " [2,] 1.786185e-07 1.327126e-06  5.232913e-07 1.574462e-07  4.458096e-07\n",
       " [3,] 4.137540e-07 5.232913e-07  4.680776e-06 3.633307e-07 -2.977985e-07\n",
       " [4,] 2.680921e-07 1.574462e-07  3.633307e-07 2.881826e-07  2.104064e-07\n",
       " [5,] 1.738534e-07 4.458096e-07 -2.977985e-07 2.104064e-07  1.996204e-06\n",
       " [6,] 2.234197e-08 1.147890e-06  5.406052e-07 4.161843e-08  1.743750e-07\n",
       " [7,] 4.598730e-07 8.849842e-07  4.803346e-06 3.825550e-07  6.398446e-07\n",
       " [8,] 1.777065e-07 8.199537e-07  2.333393e-07 2.210555e-07  1.457051e-06\n",
       " [9,] 2.027165e-07 1.230983e-06  5.544413e-07 1.897774e-07  3.846789e-07\n",
       "              [,6]         [,7]         [,8]         [,9]\n",
       " [1,] 2.234197e-08 4.598730e-07 1.777065e-07 2.027165e-07\n",
       " [2,] 1.147890e-06 8.849842e-07 8.199537e-07 1.230983e-06\n",
       " [3,] 5.406052e-07 4.803346e-06 2.333393e-07 5.544413e-07\n",
       " [4,] 4.161843e-08 3.825550e-07 2.210555e-07 1.897774e-07\n",
       " [5,] 1.743750e-07 6.398446e-07 1.457051e-06 3.846789e-07\n",
       " [6,] 1.646111e-06 8.276487e-07 3.254155e-07 8.785211e-07\n",
       " [7,] 8.276487e-07 6.294577e-06 1.187305e-06 8.855686e-07\n",
       " [8,] 3.254155e-07 1.187305e-06 3.277732e-06 6.640397e-07\n",
       " [9,] 8.785211e-07 8.855686e-07 6.640397e-07 1.352310e-06\n"
      ]
     },
     "metadata": {},
     "output_type": "display_data"
    }
   ],
   "source": [
    "covs[79541]"
   ]
  },
  {
   "cell_type": "code",
   "execution_count": 11,
   "id": "e82dd5fc-2ac8-4a0e-94e1-99605809d49d",
   "metadata": {},
   "outputs": [
    {
     "data": {
      "text/html": [
       "<table class=\"dataframe\">\n",
       "<caption>A tibble: 1 × 9</caption>\n",
       "<thead>\n",
       "\t<tr><th></th><th scope=col>DY</th><th scope=col>ES</th><th scope=col>EW</th><th scope=col>FX</th><th scope=col>MX</th><th scope=col>NQ</th><th scope=col>RTY</th><th scope=col>X</th><th scope=col>YM</th></tr>\n",
       "\t<tr><th></th><th scope=col>&lt;dbl&gt;</th><th scope=col>&lt;dbl&gt;</th><th scope=col>&lt;dbl&gt;</th><th scope=col>&lt;dbl&gt;</th><th scope=col>&lt;dbl&gt;</th><th scope=col>&lt;dbl&gt;</th><th scope=col>&lt;dbl&gt;</th><th scope=col>&lt;dbl&gt;</th><th scope=col>&lt;dbl&gt;</th></tr>\n",
       "</thead>\n",
       "<tbody>\n",
       "\t<tr><th scope=row>81771</th><td>0</td><td>0.001137961</td><td>0.002785394</td><td>0</td><td>0</td><td>0.001030367</td><td>0.002079846</td><td>0</td><td>0.000461209</td></tr>\n",
       "</tbody>\n",
       "</table>\n"
      ],
      "text/latex": [
       "A tibble: 1 × 9\n",
       "\\begin{tabular}{r|lllllllll}\n",
       "  & DY & ES & EW & FX & MX & NQ & RTY & X & YM\\\\\n",
       "  & <dbl> & <dbl> & <dbl> & <dbl> & <dbl> & <dbl> & <dbl> & <dbl> & <dbl>\\\\\n",
       "\\hline\n",
       "\t81771 & 0 & 0.001137961 & 0.002785394 & 0 & 0 & 0.001030367 & 0.002079846 & 0 & 0.000461209\\\\\n",
       "\\end{tabular}\n"
      ],
      "text/markdown": [
       "\n",
       "A tibble: 1 × 9\n",
       "\n",
       "| <!--/--> | DY &lt;dbl&gt; | ES &lt;dbl&gt; | EW &lt;dbl&gt; | FX &lt;dbl&gt; | MX &lt;dbl&gt; | NQ &lt;dbl&gt; | RTY &lt;dbl&gt; | X &lt;dbl&gt; | YM &lt;dbl&gt; |\n",
       "|---|---|---|---|---|---|---|---|---|---|\n",
       "| 81771 | 0 | 0.001137961 | 0.002785394 | 0 | 0 | 0.001030367 | 0.002079846 | 0 | 0.000461209 |\n",
       "\n"
      ],
      "text/plain": [
       "      DY ES          EW          FX MX NQ          RTY         X YM         \n",
       "81771 0  0.001137961 0.002785394 0  0  0.001030367 0.002079846 0 0.000461209"
      ]
     },
     "metadata": {},
     "output_type": "display_data"
    }
   ],
   "source": [
    "df[79541,1:9]"
   ]
  },
  {
   "cell_type": "code",
   "execution_count": 16,
   "id": "a7f7cb09-cf72-40b8-a51b-7c80d4ca881a",
   "metadata": {},
   "outputs": [
    {
     "data": {
