{
 "cells": [
  {
   "cell_type": "markdown",
   "id": "46de0aab-1978-4d90-9c62-bd81baa12815",
   "metadata": {},
   "source": [
    "# EWMPCA new data alpha seeking"
   ]
  },
  {
   "cell_type": "code",
   "execution_count": 1,
   "id": "0ffd5541-c943-4c5f-9710-ff679587ee9d",
   "metadata": {},
   "outputs": [],
   "source": [
    "first_year = 2016; last_year = 2020;"
   ]
  },
  {
   "cell_type": "code",
   "execution_count": 2,
   "id": "a70682c8-4aeb-4999-ae82-6d7db3900444",
   "metadata": {},
   "outputs": [
    {
     "name": "stderr",
     "output_type": "stream",
     "text": [
      "Loading required package: quantmod\n",
      "\n",
      "Loading required package: xts\n",
      "\n",
      "Loading required package: zoo\n",
      "\n",
      "\n",
      "Attaching package: ‘zoo’\n",
      "\n",
      "\n",
      "The following objects are masked from ‘package:base’:\n",
      "\n",
      "    as.Date, as.Date.numeric\n",
      "\n",
      "\n",
      "Loading required package: TTR\n",
      "\n",
      "Registered S3 method overwritten by 'quantmod':\n",
      "  method            from\n",
      "  as.zoo.data.frame zoo \n",
      "\n",
      "‘getSymbols’ currently uses auto.assign=TRUE by default, but will\n",
      "use auto.assign=FALSE in 0.5-0. You will still be able to use\n",
      "‘loadSymbols’ to automatically load data. getOption(\"getSymbols.env\")\n",
      "and getOption(\"getSymbols.auto.assign\") will still be checked for\n",
      "alternate defaults.\n",
      "\n",
      "This message is shown once per session and may be disabled by setting \n",
      "options(\"getSymbols.warning4.0\"=FALSE). See ?getSymbols for details.\n",
      "\n",
      "\n",
      "Warning message:\n",
      "“^HSI contains missing values. Some functions will not work if objects contain missing values in the middle of the series. Consider using na.omit(), na.approx(), na.fill(), etc to remove or replace them.”\n",
      "Warning message:\n",
      "“^MERV contains missing values. Some functions will not work if objects contain missing values in the middle of the series. Consider using na.omit(), na.approx(), na.fill(), etc to remove or replace them.”\n"
     ]
    },
    {
     "data": {
      "text/html": [
       "<style>\n",
       ".list-inline {list-style: none; margin:0; padding: 0}\n",
       ".list-inline>li {display: inline-block}\n",
       ".list-inline>li:not(:last-child)::after {content: \"\\00b7\"; padding: 0 .5ex}\n",
       "</style>\n",
       "<ol class=list-inline><li>'^GSPC'</li><li>'^HSI'</li><li>'^MERV'</li><li>'ISIG'</li><li>'AAPL'</li></ol>\n"
      ],
      "text/latex": [
       "\\begin{enumerate*}\n",
       "\\item '\\textasciicircum{}GSPC'\n",
       "\\item '\\textasciicircum{}HSI'\n",
       "\\item '\\textasciicircum{}MERV'\n",
       "\\item 'ISIG'\n",
       "\\item 'AAPL'\n",
       "\\end{enumerate*}\n"
      ],
      "text/markdown": [
       "1. '^GSPC'\n",
       "2. '^HSI'\n",
       "3. '^MERV'\n",
       "4. 'ISIG'\n",
       "5. 'AAPL'\n",
       "\n",
       "\n"
      ],
      "text/plain": [
       "[1] \"^GSPC\" \"^HSI\"  \"^MERV\" \"ISIG\"  \"AAPL\" "
      ]
     },
     "metadata": {},
     "output_type": "display_data"
    },
    {
     "name": "stderr",
     "output_type": "stream",
     "text": [
      "Warning message in cbind(coredata(GSPC[\"2008-01/2021-08\"])[, 4], coredata(HSI[\"2008-01/2021-08\"])[, :\n",
      "“number of rows of result is not a multiple of vector length (arg 2)”\n"
     ]
    }
   ],
   "source": [
    "\n",
    "if (!require(\"quantmod\")) {\n",
    "    install.packages(\"quantmod\");\n",
    "    library(\"quantmod\");\n",
    "}\n",
    "\n",
    "getSymbols(c(\"^GSPC\", \"^HSI\", \"^MERV\", \"ISIG\", \"AAPL\"),src=\"yahoo\");\n",
    "\n",
    "df = cbind(\n",
    "  coredata(GSPC[\"2008-01/2021-08\"])[,4],\n",
    "  coredata(HSI[\"2008-01/2021-08\"])[,4],\n",
    "  coredata(MERV[\"2008-01/2021-08\"])[,4],\n",
    "  coredata(ISIG[\"2008-01/2021-08\"])[,4],\n",
    "  coredata(AAPL[\"2008-01/2021-08\"])[,4]\n",
    ");\n",
    "\n",
    "df = na.omit(df);\n",
    "tmp = c();\n",
    "for(i in 1:5) {\n",
    "    tmp = cbind(tmp, diff(log(df[,i])));\n",
    "}\n",
    "\n",
    "df = as.data.frame(tmp);\n"
   ]
  },
  {
   "cell_type": "code",
   "execution_count": 3,
   "id": "173abc1e-da34-4f06-9e27-85c720dbd157",
   "metadata": {},
   "outputs": [
    {
     "data": {
      "text/html": [
       "<table class=\"dataframe\">\n",
       "<caption>A data.frame: 6 × 5</caption>\n",
       "<thead>\n",
       "\t<tr><th></th><th scope=col>V1</th><th scope=col>V2</th><th scope=col>V3</th><th scope=col>V4</th><th scope=col>V5</th></tr>\n",
       "\t<tr><th></th><th scope=col>&lt;dbl&gt;</th><th scope=col>&lt;dbl&gt;</th><th scope=col>&lt;dbl&gt;</th><th scope=col>&lt;dbl&gt;</th><th scope=col>&lt;dbl&gt;</th></tr>\n",
       "</thead>\n",
       "<tbody>\n",
       "\t<tr><th scope=row>3398</th><td> 0.001494619</td><td>-0.01893407</td><td> 0.003746624</td><td>-0.044154329</td><td>-0.0006014232</td></tr>\n",
       "\t<tr><th scope=row>3399</th><td> 0.002217657</td><td> 0.01253692</td><td> 0.005972018</td><td>-0.005486982</td><td>-0.0084569537</td></tr>\n",
       "\t<tr><th scope=row>3400</th><td>-0.005841950</td><td> 0.03127123</td><td> 0.005151276</td><td> 0.028476500</td><td>-0.0055424814</td></tr>\n",
       "\t<tr><th scope=row>3401</th><td> 0.008769071</td><td> 0.01629555</td><td>-0.008823283</td><td> 0.078395939</td><td> 0.0071588946</td></tr>\n",
       "\t<tr><th scope=row>3402</th><td> 0.004297324</td><td> 0.01286288</td><td>-0.008537790</td><td> 0.043537710</td><td> 0.0299637224</td></tr>\n",
       "\t<tr><th scope=row>3403</th><td>-0.001350027</td><td>-0.01092536</td><td> 0.015835467</td><td>-0.053475680</td><td>-0.0084604080</td></tr>\n",
       "</tbody>\n",
       "</table>\n"
      ],
      "text/latex": [
       "A data.frame: 6 × 5\n",
       "\\begin{tabular}{r|lllll}\n",
       "  & V1 & V2 & V3 & V4 & V5\\\\\n",
       "  & <dbl> & <dbl> & <dbl> & <dbl> & <dbl>\\\\\n",
       "\\hline\n",
       "\t3398 &  0.001494619 & -0.01893407 &  0.003746624 & -0.044154329 & -0.0006014232\\\\\n",
       "\t3399 &  0.002217657 &  0.01253692 &  0.005972018 & -0.005486982 & -0.0084569537\\\\\n",
       "\t3400 & -0.005841950 &  0.03127123 &  0.005151276 &  0.028476500 & -0.0055424814\\\\\n",
       "\t3401 &  0.008769071 &  0.01629555 & -0.008823283 &  0.078395939 &  0.0071588946\\\\\n",
       "\t3402 &  0.004297324 &  0.01286288 & -0.008537790 &  0.043537710 &  0.0299637224\\\\\n",
       "\t3403 & -0.001350027 & -0.01092536 &  0.015835467 & -0.053475680 & -0.0084604080\\\\\n",
       "\\end{tabular}\n"
      ],
      "text/markdown": [
       "\n",
       "A data.frame: 6 × 5\n",
       "\n",
       "| <!--/--> | V1 &lt;dbl&gt; | V2 &lt;dbl&gt; | V3 &lt;dbl&gt; | V4 &lt;dbl&gt; | V5 &lt;dbl&gt; |\n",
       "|---|---|---|---|---|---|\n",
       "| 3398 |  0.001494619 | -0.01893407 |  0.003746624 | -0.044154329 | -0.0006014232 |\n",
       "| 3399 |  0.002217657 |  0.01253692 |  0.005972018 | -0.005486982 | -0.0084569537 |\n",
       "| 3400 | -0.005841950 |  0.03127123 |  0.005151276 |  0.028476500 | -0.0055424814 |\n",
       "| 3401 |  0.008769071 |  0.01629555 | -0.008823283 |  0.078395939 |  0.0071588946 |\n",
       "| 3402 |  0.004297324 |  0.01286288 | -0.008537790 |  0.043537710 |  0.0299637224 |\n",
       "| 3403 | -0.001350027 | -0.01092536 |  0.015835467 | -0.053475680 | -0.0084604080 |\n",
       "\n"
      ],
      "text/plain": [
       "     V1           V2          V3           V4           V5           \n",
       "3398  0.001494619 -0.01893407  0.003746624 -0.044154329 -0.0006014232\n",
       "3399  0.002217657  0.01253692  0.005972018 -0.005486982 -0.0084569537\n",
       "3400 -0.005841950  0.03127123  0.005151276  0.028476500 -0.0055424814\n",
       "3401  0.008769071  0.01629555 -0.008823283  0.078395939  0.0071588946\n",
       "3402  0.004297324  0.01286288 -0.008537790  0.043537710  0.0299637224\n",
       "3403 -0.001350027 -0.01092536  0.015835467 -0.053475680 -0.0084604080"
      ]
     },
     "metadata": {},
     "output_type": "display_data"
    }
   ],
   "source": [
    "tail(df)"
   ]
  },
  {
   "cell_type": "code",
   "execution_count": 4,
   "id": "7aa0fee1-c2d2-4dfd-9ce0-084c0779ffa8",
   "metadata": {},
   "outputs": [],
   "source": [
    "Z = prcomp(df[,1:3], retx = TRUE)"
   ]
  },
  {
   "cell_type": "code",
   "execution_count": 5,
   "id": "be7474f3-2203-4bed-bd95-2d480a5f8f21",
   "metadata": {},
   "outputs": [],
   "source": [
    "classical_pca = Z$x;"
   ]
  },
  {
   "cell_type": "code",
   "execution_count": 6,
   "id": "5ed149d8-113c-47f6-9517-b61bdd5f1321",
   "metadata": {},
   "outputs": [
    {
     "data": {
      "text/html": [
       "<table class=\"dataframe\">\n",
       "<caption>A matrix: 6 × 3 of type dbl</caption>\n",
       "<thead>\n",
       "\t<tr><th scope=col>PC1</th><th scope=col>PC2</th><th scope=col>PC3</th></tr>\n",
       "</thead>\n",
       "<tbody>\n",
       "\t<tr><td>-0.0006884565</td><td> 0.02467172</td><td> 0.001018349</td></tr>\n",
       "\t<tr><td>-0.0100004411</td><td>-0.02193206</td><td>-0.026419017</td></tr>\n",
       "\t<tr><td>-0.0119830351</td><td> 0.01215323</td><td> 0.003570904</td></tr>\n",
       "\t<tr><td> 0.0175049716</td><td> 0.00355139</td><td>-0.018716062</td></tr>\n",
       "\t<tr><td>-0.0241527462</td><td>-0.01925903</td><td> 0.012195396</td></tr>\n",
       "\t<tr><td>-0.0024792786</td><td> 0.01355120</td><td> 0.008339772</td></tr>\n",
       "</tbody>\n",
       "</table>\n"
      ],
      "text/latex": [
       "A matrix: 6 × 3 of type dbl\n",
       "\\begin{tabular}{lll}\n",
       " PC1 & PC2 & PC3\\\\\n",
       "\\hline\n",
       "\t -0.0006884565 &  0.02467172 &  0.001018349\\\\\n",
       "\t -0.0100004411 & -0.02193206 & -0.026419017\\\\\n",
       "\t -0.0119830351 &  0.01215323 &  0.003570904\\\\\n",
       "\t  0.0175049716 &  0.00355139 & -0.018716062\\\\\n",
       "\t -0.0241527462 & -0.01925903 &  0.012195396\\\\\n",
       "\t -0.0024792786 &  0.01355120 &  0.008339772\\\\\n",
       "\\end{tabular}\n"
      ],
      "text/markdown": [
       "\n",
       "A matrix: 6 × 3 of type dbl\n",
       "\n",
       "| PC1 | PC2 | PC3 |\n",
       "|---|---|---|\n",
       "| -0.0006884565 |  0.02467172 |  0.001018349 |\n",
       "| -0.0100004411 | -0.02193206 | -0.026419017 |\n",
       "| -0.0119830351 |  0.01215323 |  0.003570904 |\n",
       "|  0.0175049716 |  0.00355139 | -0.018716062 |\n",
       "| -0.0241527462 | -0.01925903 |  0.012195396 |\n",
       "| -0.0024792786 |  0.01355120 |  0.008339772 |\n",
       "\n"
      ],
      "text/plain": [
       "     PC1           PC2         PC3         \n",
       "[1,] -0.0006884565  0.02467172  0.001018349\n",
       "[2,] -0.0100004411 -0.02193206 -0.026419017\n",
       "[3,] -0.0119830351  0.01215323  0.003570904\n",
       "[4,]  0.0175049716  0.00355139 -0.018716062\n",
       "[5,] -0.0241527462 -0.01925903  0.012195396\n",
       "[6,] -0.0024792786  0.01355120  0.008339772"
      ]
     },
     "metadata": {},
     "output_type": "display_data"
    }
   ],
   "source": [
    "head(classical_pca)"
   ]
  },
  {
   "cell_type": "code",
   "execution_count": 7,
   "id": "4a56086c-2c11-4428-8d30-1fb78c750cfc",
   "metadata": {},
   "outputs": [],
   "source": [
    "source(\"xpca.R\")"
   ]
  },
  {
   "cell_type": "code",
   "execution_count": 8,
   "id": "7a9ae8fc-9dfa-4742-8799-241efe7ab234",
   "metadata": {},
   "outputs": [
    {
     "name": "stdout",
     "output_type": "stream",
     "text": [
      "[1] \"eigen values:\"\n",
      "[1] 0.0001846042 0.0002320676 0.0007295633\n",
      "[1] \"eigen vectors:\"\n",
      "             [,1]      [,2]        [,3]\n",
      "[1,] -0.006171559 0.2605906  0.96542968\n",
      "[2,]  0.988016080 0.1504906 -0.03430475\n",
      "[3,] -0.154227549 0.9536483 -0.25839642\n"
     ]
    }
   ],
   "source": [
    "minLimit = min(dim(df)[1], 100);\n",
    "cov_init = cov(df[1:minLimit,1:3]);\n",
    "W_init = sorted_eig(cov_init);"
   ]
  },
  {
   "cell_type": "code",
   "execution_count": 9,
   "id": "79b95888-7638-4b44-a4f0-e7acdb78b1b0",
   "metadata": {},
   "outputs": [
    {
     "data": {
      "text/html": [
       "<table class=\"dataframe\">\n",
       "<caption>A matrix: 3 × 3 of type dbl</caption>\n",
       "<tbody>\n",
       "\t<tr><td>-0.006171559</td><td>0.2605906</td><td> 0.96542968</td></tr>\n",
       "\t<tr><td> 0.988016080</td><td>0.1504906</td><td>-0.03430475</td></tr>\n",
       "\t<tr><td>-0.154227549</td><td>0.9536483</td><td>-0.25839642</td></tr>\n",
       "</tbody>\n",
       "</table>\n"
      ],
      "text/latex": [
       "A matrix: 3 × 3 of type dbl\n",
       "\\begin{tabular}{lll}\n",
       "\t -0.006171559 & 0.2605906 &  0.96542968\\\\\n",
       "\t  0.988016080 & 0.1504906 & -0.03430475\\\\\n",
       "\t -0.154227549 & 0.9536483 & -0.25839642\\\\\n",
       "\\end{tabular}\n"
      ],
      "text/markdown": [
       "\n",
       "A matrix: 3 × 3 of type dbl\n",
       "\n",
       "| -0.006171559 | 0.2605906 |  0.96542968 |\n",
       "|  0.988016080 | 0.1504906 | -0.03430475 |\n",
       "| -0.154227549 | 0.9536483 | -0.25839642 |\n",
       "\n"
      ],
      "text/plain": [
       "     [,1]         [,2]      [,3]       \n",
       "[1,] -0.006171559 0.2605906  0.96542968\n",
       "[2,]  0.988016080 0.1504906 -0.03430475\n",
       "[3,] -0.154227549 0.9536483 -0.25839642"
      ]
     },
     "metadata": {},
     "output_type": "display_data"
    }
   ],
   "source": [
    "W_init"
   ]
  },
  {
   "cell_type": "code",
   "execution_count": 10,
   "id": "98587401-6a6d-46e6-8350-70cf685a8178",
   "metadata": {},
   "outputs": [],
   "source": [
    "Z2 = ewmpca(df[,1:3], 0.9305, W_init, return_extra = TRUE);\n",
    "ewm_pca = Z2$pca;"
   ]
  },
  {
   "cell_type": "code",
   "execution_count": 11,
   "id": "545b74a2-6f56-4ca8-8d68-bd041c7165cb",
   "metadata": {},
   "outputs": [
    {
     "data": {
      "text/html": [
       "<style>\n",
       ".list-inline {list-style: none; margin:0; padding: 0}\n",
       ".list-inline>li {display: inline-block}\n",
       ".list-inline>li:not(:last-child)::after {content: \"\\00b7\"; padding: 0 .5ex}\n",
       "</style>\n",
       "<ol class=list-inline><li>3403</li><li>3</li></ol>\n"
      ],
      "text/latex": [
       "\\begin{enumerate*}\n",
       "\\item 3403\n",
       "\\item 3\n",
       "\\end{enumerate*}\n"
      ],
      "text/markdown": [
       "1. 3403\n",
       "2. 3\n",
       "\n",
       "\n"
      ],
      "text/plain": [
       "[1] 3403    3"
      ]
     },
     "metadata": {},
     "output_type": "display_data"
    }
   ],
   "source": [
    "dim(ewm_pca)"
   ]
  },
  {
   "cell_type": "code",
   "execution_count": 12,
   "id": "6130d767-b34d-4150-a25d-1edca469baac",
   "metadata": {},
   "outputs": [
    {
     "data": {
      "text/html": [
       "<table class=\"dataframe\">\n",
       "<caption>A matrix: 6 × 3 of type dbl</caption>\n",
       "<tbody>\n",
       "\t<tr><td>0.000000000</td><td> 0.000000000</td><td> 0.000000000</td></tr>\n",
       "\t<tr><td>0.045625261</td><td>-0.021562480</td><td>-0.007796538</td></tr>\n",
       "\t<tr><td>0.009743285</td><td> 0.006731658</td><td>-0.007048733</td></tr>\n",
       "\t<tr><td>0.014143971</td><td>-0.020668607</td><td> 0.015709213</td></tr>\n",
       "\t<tr><td>0.037839713</td><td> 0.022248925</td><td>-0.005105067</td></tr>\n",
       "\t<tr><td>0.001401748</td><td> 0.008539702</td><td> 0.002848872</td></tr>\n",
       "</tbody>\n",
       "</table>\n"
      ],
      "text/latex": [
       "A matrix: 6 × 3 of type dbl\n",
       "\\begin{tabular}{lll}\n",
       "\t 0.000000000 &  0.000000000 &  0.000000000\\\\\n",
       "\t 0.045625261 & -0.021562480 & -0.007796538\\\\\n",
       "\t 0.009743285 &  0.006731658 & -0.007048733\\\\\n",
       "\t 0.014143971 & -0.020668607 &  0.015709213\\\\\n",
       "\t 0.037839713 &  0.022248925 & -0.005105067\\\\\n",
       "\t 0.001401748 &  0.008539702 &  0.002848872\\\\\n",
       "\\end{tabular}\n"
      ],
      "text/markdown": [
       "\n",
       "A matrix: 6 × 3 of type dbl\n",
       "\n",
       "| 0.000000000 |  0.000000000 |  0.000000000 |\n",
       "| 0.045625261 | -0.021562480 | -0.007796538 |\n",
       "| 0.009743285 |  0.006731658 | -0.007048733 |\n",
       "| 0.014143971 | -0.020668607 |  0.015709213 |\n",
       "| 0.037839713 |  0.022248925 | -0.005105067 |\n",
       "| 0.001401748 |  0.008539702 |  0.002848872 |\n",
       "\n"
      ],
      "text/plain": [
       "     [,1]        [,2]         [,3]        \n",
       "[1,] 0.000000000  0.000000000  0.000000000\n",
       "[2,] 0.045625261 -0.021562480 -0.007796538\n",
       "[3,] 0.009743285  0.006731658 -0.007048733\n",
       "[4,] 0.014143971 -0.020668607  0.015709213\n",
       "[5,] 0.037839713  0.022248925 -0.005105067\n",
       "[6,] 0.001401748  0.008539702  0.002848872"
      ]
     },
     "metadata": {},
     "output_type": "display_data"
    }
   ],
   "source": [
    "head(ewm_pca)"
   ]
  },
  {
   "cell_type": "code",
   "execution_count": 13,
   "id": "00aeb133-3af9-4197-896c-691860c3263c",
   "metadata": {},
   "outputs": [],
   "source": [
    "cross_cov = cov(cbind(classical_pca, ewm_pca));"
   ]
  },
  {
   "cell_type": "code",
   "execution_count": 14,
   "id": "8e77ebae-a87a-4484-bf42-f7e9bcf60048",
   "metadata": {},
   "outputs": [
    {
     "data": {
      "text/html": [
       "<table class=\"dataframe\">\n",
       "<caption>A matrix: 6 × 6 of type dbl</caption>\n",
       "<thead>\n",
       "\t<tr><th></th><th scope=col>PC1</th><th scope=col>PC2</th><th scope=col>PC3</th><th scope=col></th><th scope=col></th><th scope=col></th></tr>\n",
       "</thead>\n",
       "<tbody>\n",
       "\t<tr><th scope=row>PC1</th><td> 4.336307e-03</td><td>-1.030730e-19</td><td>-8.905745e-21</td><td>-2.582393e-03</td><td> 2.358386e-03</td><td> 6.458261e-05</td></tr>\n",
       "\t<tr><th scope=row>PC2</th><td>-1.030730e-19</td><td> 2.430722e-04</td><td> 1.148316e-21</td><td>-3.789591e-05</td><td>-4.886520e-06</td><td> 9.726226e-07</td></tr>\n",
       "\t<tr><th scope=row>PC3</th><td>-8.905745e-21</td><td> 1.148316e-21</td><td> 1.750080e-04</td><td> 4.854957e-05</td><td> 2.616404e-05</td><td> 7.251599e-06</td></tr>\n",
       "\t<tr><th scope=row></th><td>-2.582393e-03</td><td>-3.789591e-05</td><td> 4.854957e-05</td><td> 2.482075e-03</td><td>-1.656342e-03</td><td>-4.348415e-05</td></tr>\n",
       "\t<tr><th scope=row></th><td> 2.358386e-03</td><td>-4.886520e-06</td><td> 2.616404e-05</td><td>-1.656342e-03</td><td> 1.687639e-03</td><td> 2.489407e-05</td></tr>\n",
       "\t<tr><th scope=row></th><td> 6.458261e-05</td><td> 9.726226e-07</td><td> 7.251599e-06</td><td>-4.348415e-05</td><td> 2.489407e-05</td><td> 1.009463e-04</td></tr>\n",
       "</tbody>\n",
       "</table>\n"
      ],
      "text/latex": [
       "A matrix: 6 × 6 of type dbl\n",
       "\\begin{tabular}{r|llllll}\n",
       "  & PC1 & PC2 & PC3 &  &  & \\\\\n",
       "\\hline\n",
       "\tPC1 &  4.336307e-03 & -1.030730e-19 & -8.905745e-21 & -2.582393e-03 &  2.358386e-03 &  6.458261e-05\\\\\n",
       "\tPC2 & -1.030730e-19 &  2.430722e-04 &  1.148316e-21 & -3.789591e-05 & -4.886520e-06 &  9.726226e-07\\\\\n",
       "\tPC3 & -8.905745e-21 &  1.148316e-21 &  1.750080e-04 &  4.854957e-05 &  2.616404e-05 &  7.251599e-06\\\\\n",
       "\t & -2.582393e-03 & -3.789591e-05 &  4.854957e-05 &  2.482075e-03 & -1.656342e-03 & -4.348415e-05\\\\\n",
       "\t &  2.358386e-03 & -4.886520e-06 &  2.616404e-05 & -1.656342e-03 &  1.687639e-03 &  2.489407e-05\\\\\n",
       "\t &  6.458261e-05 &  9.726226e-07 &  7.251599e-06 & -4.348415e-05 &  2.489407e-05 &  1.009463e-04\\\\\n",
       "\\end{tabular}\n"
      ],
      "text/markdown": [
       "\n",
       "A matrix: 6 × 6 of type dbl\n",
       "\n",
       "| <!--/--> | PC1 | PC2 | PC3 | <!----> | <!----> | <!----> |\n",
       "|---|---|---|---|---|---|---|\n",
       "| PC1 |  4.336307e-03 | -1.030730e-19 | -8.905745e-21 | -2.582393e-03 |  2.358386e-03 |  6.458261e-05 |\n",
       "| PC2 | -1.030730e-19 |  2.430722e-04 |  1.148316e-21 | -3.789591e-05 | -4.886520e-06 |  9.726226e-07 |\n",
       "| PC3 | -8.905745e-21 |  1.148316e-21 |  1.750080e-04 |  4.854957e-05 |  2.616404e-05 |  7.251599e-06 |\n",
       "| <!----> | -2.582393e-03 | -3.789591e-05 |  4.854957e-05 |  2.482075e-03 | -1.656342e-03 | -4.348415e-05 |\n",
       "| <!----> |  2.358386e-03 | -4.886520e-06 |  2.616404e-05 | -1.656342e-03 |  1.687639e-03 |  2.489407e-05 |\n",
       "| <!----> |  6.458261e-05 |  9.726226e-07 |  7.251599e-06 | -4.348415e-05 |  2.489407e-05 |  1.009463e-04 |\n",
       "\n"
      ],
      "text/plain": [
       "    PC1           PC2           PC3                                      \n",
       "PC1  4.336307e-03 -1.030730e-19 -8.905745e-21 -2.582393e-03  2.358386e-03\n",
       "PC2 -1.030730e-19  2.430722e-04  1.148316e-21 -3.789591e-05 -4.886520e-06\n",
       "PC3 -8.905745e-21  1.148316e-21  1.750080e-04  4.854957e-05  2.616404e-05\n",
       "    -2.582393e-03 -3.789591e-05  4.854957e-05  2.482075e-03 -1.656342e-03\n",
       "     2.358386e-03 -4.886520e-06  2.616404e-05 -1.656342e-03  1.687639e-03\n",
       "     6.458261e-05  9.726226e-07  7.251599e-06 -4.348415e-05  2.489407e-05\n",
       "                 \n",
       "PC1  6.458261e-05\n",
       "PC2  9.726226e-07\n",
       "PC3  7.251599e-06\n",
       "    -4.348415e-05\n",
       "     2.489407e-05\n",
       "     1.009463e-04"
      ]
     },
     "metadata": {},
     "output_type": "display_data"
    }
   ],
   "source": [
    "cross_cov"
   ]
  },
  {
   "cell_type": "code",
   "execution_count": 15,
   "id": "09cb7096-6275-4d75-8dfa-552f7f16de26",
   "metadata": {},
   "outputs": [
    {
     "data": {
